1011001 1 2001 1 172 2 3 1 1 37.9 2840 43.02 0.00782018 -0.079224108 0.032544493 0.4282 10.5 1.478
1011002 1 2001 1 172 2 3 1 1 37.9 2972 44.29 0.01781932 -0.078670819 0.03151353 0.4391 142.6 2.723
1011003 1 2001 1 173 2 3 1 1 30.6 2732 44.11 0.015338981 -0.004697449 -0.012611516 -7.083 -61.77 2.292
1011004 2 2001 1 173 2 3 1 1 33 2476 41.51 0.01243738 -0.006046247 -0.000384095 -1.513 -12.37 1.778
1011005 1 2001 1 174 2 3 1 3 40.7 3316 40.13 0.006278096 -0.12210416 0.075196885 3.402 467.6 -1.202
1011006 2 2001 1 174 2 3 1 3 31.5 2524 37.32 -0.000254866 -0.127165519 0.078914 -2.654 -21.85 -1.943
1011007 1 2001 1 175 2 4 1 3 43 3132 41.63 -0.008974213 -0.093302187 -0.202486965 4.73 282 -0.8902
1011008 2 2001 1 175 2 4 1 3 43.1 2920 41.58 -0.02036864 -0.100279829 -0.201677079 7.961 371.3 1.132
1011009 2 2001 2 176 2 12 1 3 34.5 2240 39.12 0.018447894 -0.117857625 0.094535854 1.833 -299.5 0.036
1011011 1 2001 2 177 2 3 1 3 36.4 2652 42.82 -0.17754614 0.066065662 0.03260203 -1.32 -97.97 1.361
1011015 1 2001 2 179 1 12 1 1 40.2 2888 40.28 0.00679098 -0.071818725 0.069180344 0.7313 -16.35 -0.1649
1011016 1 2001 2 180 2 4 1 1 36.4 2748 43.13 0.133360289 0.13953988 -0.001373691 -1.168 42.66 0.6012
1011017 1 2001 2 180 2 4 1 1 37.1 2920 41.31 0.1345804 0.142849782 -0.004338727 -0.4789 216.1 -1.236
1011018 2 2001 2 181 2 3 1 3 28.4 2292 38.34 -0.011356145 -0.011568276 0.023206986 -5.872 -197.1 -1.337
1011022 1 2001 3 183 2 3 1 3 38 2744 39.36 -0.186753505 0.061291066 0.031340651 0.47 -8.826 -2.159
1011023 2 2001 3 183 2 3 1 3 31.6 2252 40.16 -0.195824056 0.068618861 0.021002899 -2.845 -192.9 0.6495
1011026 2 2001 3 185 2 3 1 3 34.4 2396 37.39 0.091773879 0.060197511 0.022359519 0.3879 -55.25 -2.68
1011028 1 2001 3 186 2 4 1 3 34.9 2432 43.39 0.147275791 0.104218886 0.026273329 -2.324 -290 0.8971
1011029 2 2001 3 186 2 4 1 3 26.8 2124 38.25 0.145985643 0.095959096 0.018713723 -7.3 -298.3 -2.218
1011030 2 2001 3 187 2 4 1 1 33.7 2564 36.59 0.021525183 -0.090481338 0.068941815 -0.2073 46.79 -3.191
1011032 1 2001 3 188 2 4 1 1 30.5 2880 44.23 0.014923885 -0.060736642 0.051851434 -6.64 72.31 2.324
1011033 2 2001 3 188 2 4 1 1 31.1 2384 48.75 0.010520441 -0.051565425 0.033169575 -2.974 -115.7 8.813
1011035 1 2001 3 189 2 3 1 1 39.6 3216 39.93 -0.008497765 -0.06548589 -0.198703429 1.822 370.6 -2.554
1011036 1 2001 3 190 2 12 1 3 36.3 2848 40.74 -0.171391244 0.063526142 0.03290696 0.0196 96.53 -0.5508
1011037 1 2001 3 190 2 3 1 3 33.7 2752 44.92 -0.17260425 0.063046388 0.025771322 -3.828 -0.5242 3.351
1011038 1 2001 4 191 2 3 1 1 42.4 2884 34.39 0.002354033 -0.080457992 0.062083258 5.609 56.19 -7.282
1011039 2 2001 4 191 2 3 1 1 32.7 2440 31.45 0.011607287 -0.079058127 0.062347342 -0.9413 -82.2 -8.205
1011040 2 2001 4 192 2 3 1 1 34.2 2336 39.81 0.036940538 0.006152097 0.003625404 0.3212 -146.2 -0.2185
1011041 2 2001 4 192 2 3 1 1 32.8 2660 39.5 0.026488096 -0.001051898 0.0056857 -1.079 174.2 -0.4903
1011042 1 2001 4 193 2 3 1 3 35.9 2900 41.94 0.009063058 -0.141325983 0.098565589 -0.7008 42.88 0.4658
1011043 2 2001 4 193 2 3 1 3 36.2 2696 38.89 0.006942384 -0.141034864 0.100172315 2.737 144.1 -0.5383
1011044 1 2001 4 194 1 3 1 1 42.7 2836 41.16 0.006530008 -0.097306305 0.055533115 2.399 -83.99 0.2855
1011045 1 2001 4 195 1 4 1 1 44.9 2816 44.62 0.103315351 0.098006399 0.003570108 4.237 6.105 2.869
1011046 2 2001 4 196 2 4 1 3 36.6 2352 39.67 -0.176191762 0.096695131 0.018597306 2.23 -67.98 -0.2355
1011047 2 2001 4 196 2 4 1 3 35.2 2412 37.39 -0.171978211 0.077367481 0.024924808 0.8782 -17.82 -2.475
1011048 2 2001 4 197 1 12 1 3 36.9 3092 40.44 -0.00921101 -0.13927471 -0.168478034 0.3435 432.2 1.183
1011049 2 2001 4 198 1 12 1 1 40.5 2272 39.43 -0.000222495 -0.05393661 -0.210852063 3.729 -346 -0.1118
1011051 1 2001 4 200 2 3 1 3 44.7 2884 38.67 -0.004992461 -0.114359623 -0.182858613 7.233 13.58 -3.779
1011052 2 2001 4 200 2 3 1 3 36.4 2452 41.11 0.000814317 -0.115945772 -0.184371392 2.076 -114.6 0.6834
1011053 1 2001 4 201 2 3 1 1 31.7 2736 41.34 0.093772366 0.080968241 0.006049244 -5.318 -10.76 -0.937
1011054 2 2001 4 201 2 3 1 1 29.5 2044 40.84 0.102730487 0.080355174 -0.00177998 -4.39 -399 0.5556
1011057 1 2001 1 203 2 4 1 3 37 2812 43.35 0.11060438 0.087178064 0.006914801 -0.7136 79.55 1.051
1011058 1 2001 1 203 2 3 1 3 39.8 2812 42.52 0.09731367 0.085824013 0.008407455 2.186 68.69 0.4809
1011059 1 2001 1 204 2 3 1 3 35 2840 43.69 -0.004406395 -0.125913047 -0.174753791 -3.03 -35.24 1.528
1011060 2 2001 1 204 2 3 1 3 30.6 2020 43.32 -0.001564477 -0.116006124 -0.177706533 -4.31 -545.3 3.165
1011061 1 2001 1 205 2 3 1 1 37.6 2856 44.78 0.115731213 0.082389564 0.021491455 0.0545 112 2.754
1011062 1 2001 1 205 2 3 1 1 41.2 3236 41.29 0.097054517 0.081116637 0.008917322 3.593 490.2 -0.7402
1011065 1 2001 1 207 2 3 1 3 44.3 2724 43.34 -0.004916178 -0.116853682 -0.174383356 6.259 -146.3 1.168
1011066 2 2001 1 207 2 4 1 3 38.4 2284 40.18 0.001237236 -0.121075835 -0.17471014 3.396 -273.4 -0.1895
1011068 1 2001 1 209 1 12 1 3 39 3044 43.12 0.117689753 0.06532013 -0.00181686 -0.8816 206.2 2.096
1011069 1 2001 1 210 1 3 1 3 42.6 2596 45.54 0.098385413 0.074870163 0.011775196 1.492 -235.3 4.33
1011070 1 2001 6 211 2 3 1 3 37.5 2988 43.62 0.005606147 -0.020329217 0.022004859 0.9258 188.3 1.556
1011071 2 2001 6 211 2 12 1 3 32.1 2636 40.72 0.017375837 -0.021569939 0.020198578 -0.0984 140.3 0.9214
1011072 1 2001 6 212 2 12 1 3 40.7 3248 41.4 -0.180820654 0.068348621 -0.008089502 4.884 494.5 -0.2631
1011073 2 2001 6 212 2 3 1 3 31.3 2824 41.32 -0.174029051 0.071889478 0.001781112 -2.571 378.2 1.452
1011075 2 2001 6 213 2 3 1 3 31.2 2464 38.36 0.013920461 -0.115169478 0.074984413 -1.956 -76.88 -1.368
1011076 2 2001 6 214 2 3 1 3 38 2424 NA 0.019274537 -0.018985196 0.021215697 4.579 -70.29 NA
1011078 2 2001 6 215 2 4 1 1 37.6 2464 40.61 0.150938565 0.143480868 -0.004808033 3.983 64.4 -0.2599
1011079 2 2001 6 215 2 3 1 1 38.9 2424 40.81 0.156966263 0.149233785 -0.013009685 5.373 16.29 0.118
1011080 2 2001 6 216 1 3 1 1 38.1 2464 38.41 0.018469898 -0.087487078 0.042997733 1.306 -147.5 -0.6714
1011081 1 2001 6 217 1 12 1 1 39.8 2424 42.49 -0.189819475 0.102012566 0.011119974 0.4666 -391.7 1.667
1011082 1 2001 6 218 2 12 1 3 39.7 2464 41.75 0.097390393 0.04214099 0.026469204 4.421 -302.1 -0.3146
1011083 2 2001 6 218 2 3 1 3 34.9 2424 34.4 0.097296158 0.044609926 0.028100505 1.534 -35.76 -5.883
1011084 1 2001 6 219 2 3 1 3 32.3 2464 44.77 0.017504662 -0.088267329 0.054622106 -4.079 -369.3 2.89
1011085 2 2001 6 219 2 12 1 3 30.2 2424 43.49 0.001392172 -0.105219556 0.047839289 -1.839 -114 3.937
1011086 1 2001 7 220 2 12 1 3 30.8 2464 41.38 0.013045189 -0.094577034 -0.003612727 -4.32 -378.6 -0.5055
1011087 2 2001 7 220 2 3 1 3 33.6 2424 39.38 0.011227638 -0.114249432 -0.000857269 0.4213 -124.1 -0.6849
1011089 2 2001 7 221 2 3 1 3 31 2044 38.36 -0.186010658 0.067494006 0.031533432 -2.596 -401.4 -1.458
1011090 2 2001 7 221 2 3 1 3 31.1 2304 36.88 -0.190795682 0.062913504 0.024457706 -2.518 -144.5 -2.946
1011091 2 2001 7 222 2 3 1 3 30.1 2376 41.87 0.027135446 -0.097517016 0.08161094 -2.838 -155 2.032
1011092 2 2001 7 222 2 3 1 3 27.9 2104 46.91 0.009291048 -0.108341911 0.079048432 -5.058 -433 7.114
1011094 1 2001 7 223 2 3 1 1 33.3 2520 40.46 -0.195169246 0.109385054 0.001228752 -3.585 -210.6 -1.539
1011095 1 2001 7 223 2 3 1 1 27.3 2652 42.13 -0.198501417 0.093743969 -0.000545415 -9.576 -87.21 0.1537
1011096 1 2001 7 224 2 3 1 3 38.5 3216 44.82 0.014332745 -0.110640341 0.101887888 2.481 375.1 3.059
1011097 2 2001 7 224 2 3 1 3 35.3 2496 42.87 0.012905032 -0.104855251 0.095392819 2.39 -37.48 3.118
1011098 1 2001 7 225 2 3 1 3 43 3364 41.51 0.001271779 -0.118902954 0.095047471 6.952 518.1 -0.2364
1011099 2 2001 7 225 2 3 1 3 31 2472 38.28 0.006139235 -0.110212615 0.087889841 -1.935 -65.08 -1.476
1011100 1 2001 7 226 1 4 1 1 38.1 2536 41.11 -0.187431386 0.094126852 0.003801749 -2.379 -274.7 -0.2958
1011101 1 2001 7 227 2 3 1 3 37.9 2884 41.42 0.098250198 0.06845669 0.01006054 1.518 130.2 -1.078
1011102 2 2001 7 227 2 3 1 3 30.5 2452 41.85 0.110242089 0.067730232 0.0100431 -2.727 2.645 1.365
1011103 2 2001 7 228 1 4 1 3 38.8 3156 39.56 -0.17043143 0.077560462 0.031044426 1.582 643.9 0.2736
1011107 1 2001 8 231 2 12 1 1 36.8 2964 42.93 0.038604078 0.007434704 0.006795067 1.823 177.2 0.8026
1011108 1 2001 8 231 2 12 1 1 32.2 2520 40.75 0.036073706 0.0017711 0.010726573 -2.763 -269.4 -1.351
1011109 1 2001 8 232 2 3 1 1 37.8 2656 38.18 -0.183519967 0.104062007 0.004294262 1.148 -77.46 -3.906
1011110 2 2001 8 232 2 3 1 1 36.7 2512 37.7 -0.194157966 0.103733631 0.003003681 3.166 83.2 -2.332
1011111 1 2001 8 233 2 3 1 1 39 3232 42.46 0.012279498 -0.073993795 0.044151908 2.967 405 0.372
1011112 2 2001 8 233 2 12 1 1 38.7 2908 35.87 0.018645431 -0.056881415 0.038878942 7.002 394.7 -3.979
1011113 1 2001 8 234 1 12 1 1 31 2916 45.52 0.053615973 0.069455393 0.003688822 -7.559 79.93 4.068
1011114 1 2001 8 235 1 3 1 1 40.5 2584 46 0.135697258 0.139917975 -0.012233221 0.7025 -216.2 3.972
1011115 2 2001 8 236 1 4 1 3 29.7 2288 38.82 0.108313468 0.04411309 0.011928499 -6.926 -246.1 -1.124
1011119 1 2001 8 238 2 3 1 1 36.2 2528 45.34 -0.188923905 0.101314489 -0.001730459 -0.4741 -207.5 3.248
1011120 2 2001 8 239 2 3 1 1 35.1 2652 38.81 0.030675024 0.003975431 0.010724719 2.038 168.6 -1.504
1011122 1 2001 8 240 2 3 1 3 42.2 3476 45.86 0.030094986 -0.117512969 0.100086493 6.408 630.9 3.99
1011124 2 2001 8 241 1 4 1 3 41.2 2848 42.29 0.015314985 -0.116215701 0.091873507 4.867 235.8 3.034
1011126 1 2001 9 243 2 3 1 3 31.5 2148 41.21 0.145245007 0.111757801 0.003773203 -4.484 -583.7 -1.628
1011129 2 2001 9 244 2 3 1 3 31.5 2240 41.97 0.148550244 0.107167764 0.005626464 -1.331 -189.2 1.175
1011134 1 2001 9 247 1 3 1 1 34.4 2832 42.65 0.015794235 -0.063977488 -0.205426183 -5.678 -97 0.409
1011136 1 2001 9 249 2 3 1 1 30.3 2960 45.51 -0.006941487 -0.078823731 0.053811208 -5.526 131.3 3.419
1011138 1 2001 10 250 2 12 1 1 40.4 2960 42.18 0.09952757 0.093194737 0.006958243 5.808 218.8 -0.3535
1011140 1 2001 10 251 2 4 1 3 40.4 2960 42.52 0.14637568 0.138929729 0.003491433 4.472 253.1 -0.6675
1011142 1 2001 10 252 2 3 1 3 42.3 3056 41 0.029075068 -0.114105488 0.091670213 6.879 211.5 -1.064
1011143 1 2001 10 252 2 3 1 3 28.5 2444 41.93 0.021321042 -0.092720033 0.075105999 -7.006 -390.5 -0.2059
1011144 1 2001 10 253 2 4 1 1 35.9 2700 42.61 0.14099211 0.137970369 -0.012494655 -0.0811 -8.998 -0.6202
1011145 1 2001 10 253 2 4 1 1 39.3 3092 42.29 -0.180640643 0.099474286 0.002382059 2.941 365.8 -0.1903
1011146 1 2001 10 254 1 3 1 3 41.2 3132 38.66 -0.169287775 0.065125918 0.030115909 1.574 297.2 -2.668
1011147 1 2001 10 255 2 12 1 3 33.5 3088 42.65 0.037928786 -0.030598615 0.014401593 -1.008 281 0.4415
1011148 2 2001 10 255 2 12 1 3 34.5 2608 38.4 0.04600926 -0.037717177 0.026603994 3.185 103.2 -1.736
1011149 1 2001 10 256 2 3 1 3 30.9 2580 43.46 0.007399844 -0.122403549 -0.180469282 -5.327 -295.8 0.5185
1011150 2 2001 10 256 2 3 1 3 30.9 2440 43.12 0.001812019 -0.117062081 -0.18724486 -2.225 -128.7 2.195
1011151 1 2001 10 257 2 3 1 1 37.6 3136 42.78 0.013279013 -0.055039161 0.033357461 1.916 317.8 0.4635
1011152 2 2001 10 257 2 3 1 1 37 2844 39.42 0.019444377 -0.033048802 0.015461149 4.383 340.7 -0.9649
1011153 2 2001 11 258 2 12 1 3 29 2616 35.94 0.006046967 -0.015121686 0.031617767 -2.186 124 -4.212
1011154 2 2001 11 258 2 12 1 3 31.2 2272 38.18 -0.000619049 -0.014354854 0.021232218 -0.0267 -220.6 -1.996
1011155 2 2001 11 259 2 4 1 3 37.4 2696 40.04 0.15468059 0.111365629 0.011440141 4.878 279.6 -1.142
1011156 2 2001 11 259 2 4 1 3 31.7 2380 39.47 0.150226061 0.116452454 0.018079295 -0.8153 -32.96 -1.688
1011157 2 2001 11 260 1 3 1 1 35.6 2664 36.53 3.1e-05 -0.071411256 -0.21145375 -0.9708 34.97 -3.816
1011158 2 2001 12 261 2 12 1 3 30.7 2328 37.94 -0.182843628 0.068422231 0.019359354 -0.6985 -119.1 -2.076
1011159 2 2001 12 261 2 12 1 3 30.1 2256 36.64 -0.187767807 0.067262843 0.014665292 -1.318 -192.1 -3.381
1011160 1 2001 12 262 2 12 1 3 41.9 2952 43.59 -0.187126028 0.059714478 0.035999698 7.417 197 1.615
1011161 1 2001 12 262 2 12 1 3 37.2 2504 43.91 -0.188663378 0.063480024 0.038130984 2.716 -248.7 1.94
1011163 1 2001 12 264 1 12 1 1 40.7 2908 40.63 -0.18621641 0.107912854 0.000439754 2.538 93.14 -0.7324
1011165 2 2001 12 265 2 4 1 1 29.6 2716 43.85 0.014806178 -0.083560966 0.028989545 -2.634 196.7 3.204
1011166 1 2001 13 266 1 12 1 3 34.8 2844 41.42 -0.005136146 -0.140235555 0.101022595 -2.302 -96.35 0.3113
1011167 2 2001 13 267 1 12 2 3 34.5 2816 44.62 0.012979177 -0.120035168 0.079341728 -0.457 198.9 5.936
1011169 1 2001 14 268 2 12 1 3 33.8 2940 45.04 0.035729436 -0.089131077 -0.199657497 -0.4539 79.31 1.861
1011170 2 2001 14 268 2 12 2 3 26 2632 40.9 0.011672101 -0.092150583 -0.195770769 -6.068 84.79 0.3501
1011171 2 2001 14 269 1 3 2 3 44 2328 39.85 0.131648941 0.130252831 0.01471894 7.697 -161.4 0.0122
1011172 1 2001 14 270 1 12 1 1 40.3 3224 41.65 -0.007869646 -0.063809442 0.033014905 3.105 318 0.1238
1011173 1 2001 14 271 1 4 1 1 34.4 2400 40.6 0.080457063 0.081084926 0.000939336 -4.276 -421.2 -1.902
1011174 2 2001 14 272 2 12 2 3 29 2496 40.31 0.059122499 -0.009736779 0.021832288 -2.473 14.63 0.2934
1011175 2 2001 14 272 2 12 2 3 25.6 2072 44.5 0.069027652 0.008692527 0.019662005 -5.887 -399.7 4.43
1011176 1 2001 15 273 2 12 1 3 37.7 2956 40.68 0.016832052 -0.124709085 0.088698736 4.495 104.6 -1.504
1011177 1 2001 15 273 2 12 1 3 40.7 3188 40.03 0.143455306 0.071442406 0.044455851 7.311 437.4 -2.838
1011178 2 2001 15 274 1 3 2 1 37.6 2924 43.27 0.139071031 0.131726787 0.012487373 1.5 434.9 3.326
1011179 2 2001 15 275 1 3 2 3 37.6 2848 41.8 -0.19802217 0.04506062 0.017063908 1.129 314.8 2.67
1011180 1 2001 15 276 1 3 1 3 40.6 2396 41.84 0.017275502 -0.115145739 0.081203779 2.619 -533.4 0.1632
1011181 1 2001 15 277 2 4 1 1 39.2 2932 43.89 -0.008635244 -0.074324788 -0.212362382 3.689 88.39 0.1703
1011182 2 2001 15 277 2 4 2 1 29.9 2932 40.51 0.006815517 -0.078843011 -0.217231937 -3.391 399.9 -0.6873
1011183 2 2001 15 278 1 3 2 3 34.2 2352 40.32 0.032769325 -0.105235815 0.068000261 -1.603 -258.9 1.116
1011184 2 2001 16 279 1 12 2 1 38.5 2344 36.33 0.002571276 -0.065113458 0.040236323 3.95 -247.9 -2.789
1011188 1 2001 16 282 2 3 1 3 37.4 3104 46.81 0.009338871 -0.118368656 0.080224031 3.127 255 4.264
1011191 1 2001 16 284 1 12 1 3 34.3 3264 44.36 0.024668043 -0.023992804 0.016322066 -2.544 377.2 2.492
1011192 2 2001 16 285 2 3 2 3 36.1 2868 38.79 0.093943241 0.043635575 0.02527743 3.798 415.1 -1.78
1011193 1 2001 16 285 2 3 1 3 30.1 2872 45.82 0.095045157 0.046341404 0.010936894 -4.45 104.5 2.631
1011195 2 2001 16 287 1 12 2 1 33.1 2280 37.94 0.131943997 0.146035206 0.001897674 -1.632 -202.5 -1.87
1011197 2 2001 16 288 2 3 2 3 29.2 2776 40.85 0.039234626 -0.020485779 0.028153717 -3.094 289.1 0.4905
1011198 2 2001 17 289 2 12 2 3 30.2 2596 39.55 0.025714502 -0.114841519 0.09546164 -0.3771 64.75 -0.2418
1011199 2 2001 17 289 2 12 2 3 29.1 2424 39.14 0.02260661 -0.121524793 0.105571473 -1.444 -109.8 -0.6014
1011203 1 2001 17 292 1 4 1 3 38.6 2832 43.51 0.02239351 -0.091363539 0.040340653 0.768 -78.72 1.26
1011205 2 2001 17 293 2 4 2 1 32.5 1952 41.81 -0.189540117 0.110575609 -0.000983405 -0.2844 -455.3 1.315
1011207 1 2001 17 294 2 12 1 3 26.1 2428 39.82 -0.18910979 0.066286437 0.031836449 -7.402 -324.9 -2.581
1011208 1 2001 17 295 2 3 1 1 41.8 2652 39.71 -0.181185394 0.090355507 -0.009186274 6.936 -92.08 -3.139
1011209 2 2001 17 295 2 3 2 1 33 2296 37.84 -0.190514784 0.103671817 -0.00607523 0.3207 -125.9 -2.435
1011210 2 2001 17 296 1 12 2 1 33.5 2000 40.09 0.141895767 0.139553875 -0.00273095 -1.023 -486.7 0.1718
1011211 1 2001 17 297 2 12 1 3 37.5 3244 41.87 0.027160514 -0.024251121 0.032687654 4.427 440.9 -0.8322
1011213 1 2001 18 298 2 3 1 3 32.1 2624 38.48 0.150894347 0.122672685 0.0148083 -2.05 -102.6 -5.079
1011214 2 2001 18 298 2 3 2 3 32.9 1984 39.82 0.143698498 0.110304836 0.004129767 0.9293 -435.8 -1.18
1011216 1 2001 18 300 1 12 1 3 40.1 3144 39.59 0.016819048 -0.111589921 0.084823803 3.952 216.3 -2.065
1011218 1 2001 18 302 1 3 1 1 26.1 2892 46.8 0.107384739 0.027560052 0.028389581 -11.48 33.22 4.315
1011219 1 2001 18 303 2 12 1 1 33.7 2276 42.17 0.135204285 0.143259512 0.009683269 0.7122 -439.8 -1.147
1011222 2 2001 19 305 1 12 2 1 29 2624 37.85 0.001256839 -0.08981775 0.016313206 -4.989 15.77 -1.558
1011223 1 2001 19 306 2 12 1 3 29.4 2724 36.29 0.024824391 -0.111789046 0.078881533 -3.034 -122.2 -6.287
1011224 2 2001 19 306 2 12 2 3 33.3 2596 38.45 0.033174587 -0.095769007 0.08482552 3.081 73.54 -1.583
1011227 2 2001 19 308 2 4 2 1 31.1 2664 40.56 0.103211129 0.083114502 -0.00209959 -0.8261 239.4 -0.6487
1011228 2 2001 19 308 2 4 2 1 26.3 2388 38.88 0.107977514 0.088874864 0.015076429 -5.577 -31.86 -2.288
1011229 1 2001 19 309 2 4 1 1 36.1 2888 36.97 0.027776222 -0.084858521 0.084973152 2.316 67.17 -6.114
1011231 2 2001 19 310 1 4 2 3 32.6 2348 40.99 -0.195829762 0.057265125 0.007032018 -3.222 -170.1 1.253
1011232 2 2001 20 311 1 12 2 3 34 2752 38.78 0.106132048 0.049163451 0.022336518 0.2112 218.6 -1.096
1011234 2 2001 20 313 1 12 2 1 32.7 2484 38.93 0.079135919 0.092782638 0.001365622 -1.242 -27.78 -1.026
1011237 2 2001 21 315 1 3 2 3 34.3 1964 42.72 0.004248682 -0.079475794 -0.206713971 -1.165 -661.3 2.108
1011239 2 2001 21 316 2 4 2 3 38.2 2336 38.28 0.010761888 -0.11390199 0.075698791 7.008 -187.2 -2.359
1011242 2 2001 21 318 2 4 2 1 30.8 2592 39.12 0.095276707 0.065223967 0.01288889 -0.6709 158.8 -2.159
1011243 2 2001 21 319 1 4 2 3 34.3 2812 46.75 0.013849994 -0.103875217 0.058850017 -0.4669 210.2 6.837
1011244 1 2001 22 320 2 4 1 1 36.9 3004 41.67 -0.195421092 0.098383576 0.016719766 2.971 276.3 -1.705
1011245 2 2001 22 320 2 4 2 1 33.3 1980 39.54 -0.196040394 0.093840203 0.004638904 1.547 -436.8 -1.305
1011247 2 2001 22 321 2 4 2 3 32.4 2360 42.59 0.143493952 0.108977264 0.016007084 1.155 -49.76 1.082
1011251 1 2001 23 324 2 4 1 1 31.4 2600 42.35 0.08741579 0.089692516 0.004688613 -1.94 -135.7 -1.702
1011252 1 2001 23 324 2 4 1 1 33.4 2572 42.36 0.099287614 0.079952655 0.009795538 0.1037 -168.5 -1.684
1011253 2 2001 23 325 1 12 2 1 34 2352 43 -0.195307534 0.106062426 -0.00869774 0.2149 -152.4 3.297
1011255 1 2001 26 327 1 12 1 1 37.5 2932 39.47 0.021384546 -0.091456535 0.078975917 2.923 12.95 -2.893
1011256 2 2001 26 328 1 12 2 3 30.6 2616 42.34 -0.162461117 0.071359049 0.026017541 -2.392 95.45 2.495
1011258 2 2001 26 329 2 3 2 1 24.9 2004 41.54 -0.08650859 0.035077679 0.001545439 -5.715 -456.8 0.4493
1011259 1 2001 27 330 1 12 1 3 35.4 3324 42.83 0.056290085 -0.022576333 0.024692391 0.8332 436.3 0.0315
1011263 2 2001 32 334 2 12 2 3 26.1 2480 44.65 -0.191163007 0.05359815 0.021023238 -2.204 30.69 3.579
1011266 2 2001 32 335 2 4 2 3 24.3 2584 42.05 0.009137983 -0.105101442 0.088591133 -4.66 64.6 0.5515
1021001 1 2002 0 348 2 4 1 1 36.2 2752 38.17 0.14191765 0.140084572 -0.008027696 2.879 96.9 -3.765
1021002 1 2002 0 348 2 4 1 1 34.6 2325 37.34 0.138860794 0.136942297 -0.022962561 1.235 -333.3 -4.636
1021005 1 2002 1 350 2 4 1 3 33.1 2569 41.03 -0.190527885 0.059312567 0.025152664 -0.3092 -124.5 -0.092
1021006 1 2002 1 350 2 4 1 3 32.2 2959 38.52 -0.173993465 0.082673202 0.041250063 -1.167 279.7 -2.613
1021009 2 2002 2 351 2 3 1 3 29.1 2766 39.49 0.029871756 -0.074491072 0.050088167 -0.3013 295.6 0.384
1021010 2 2002 2 351 2 3 1 3 33.4 2893 35.88 -0.010354485 -0.112525137 -0.189264479 3.296 378.5 -3.911
1021012 2 2002 2 353 2 4 1 3 27.1 2338 41.01 0.009419233 -0.089446421 -0.190243018 -3.119 -153.9 0.9165
1021013 1 2002 2 353 2 4 1 3 35.4 2860 44.13 0.001596713 -0.089028853 -0.20715502 1.983 61.84 1.957
1021025 2 2002 3 358 2 12 1 1 28.2 2345 33.16 -0.195294002 0.02659582 0.047261007 -0.2355 -69.69 -5.473
1021026 2 2002 3 358 2 12 1 1 22.5 2411 37.38 -0.173027302 0.026832982 0.062362863 -5.86 -2.213 -1.246
1021028 1 2002 3 360 2 12 1 1 22.9 2439 45.95 0.083037281 0.043219494 0.007001907 -8.404 -277.4 4.562
1021029 2 2002 3 360 2 12 1 1 29.8 2586 40.2 0.104082966 0.058161987 -0.005585652 1.609 181.1 0.7417
1021030 2 2002 3 361 2 3 1 1 20.6 2421 38.73 0.021190917 -0.001013721 0.00309913 -8.839 -14.53 -0.7055
1021031 1 2002 4 362 1 3 1 3 36.7 2945 42.03 0.100185848 0.067783434 0.018836474 0.8822 160.2 1.079
1021032 1 2002 4 363 2 4 1 3 34.1 3071 42.99 -0.00961253 -0.107716093 -0.176964106 1.179 265.4 0.807
1021033 2 2002 4 363 2 4 1 3 35.6 2868 38.04 -0.012216452 -0.113441503 -0.184248629 5.798 363.5 -2.118
1021034 1 2002 4 364 2 4 1 1 30.8 2754 42 -0.181292194 0.078197784 0.019782932 -2.032 69.53 0.5704
1021035 2 2002 4 364 2 4 1 1 27.8 2342 38.6 0.126386278 0.133094716 0.005257847 -1.557 -11.39 -1.537
1021036 2 2002 4 365 1 12 1 1 34.3 2718 37.43 0.031033579 0.004061393 -0.007731873 2.746 201.6 -1.089
1021039 2 2002 2 366 2 12 1 3 27.7 2209 39.55 -0.044804963 -0.001611515 0.029288237 -0.7343 -223.5 0.6756
1021041 1 2002 4 367 1 12 1 1 32.4 2992 41.5 -0.007017364 -0.072745715 -0.21778034 -2.858 108.6 0.4101
1021043 1 2002 4 368 2 3 1 3 26.2 2636 43.05 0.094739757 0.054382604 0.014783925 -6.103 -74.02 1.311
1021045 2 2002 1 370 1 3 1 3 34.1 2542 37.79 0.114780743 0.050914313 0.024369349 0.8748 54.05 -0.8667
1021047 2 2002 1 372 2 4 1 1 29.9 2106 38.48 -0.177380327 0.10178753 0.020175332 -0.4198 -260.2 -0.7092
1021048 2 2002 1 372 2 4 1 1 26.8 2320 40.78 -0.186154066 0.108835211 0.00181489 -3.594 -44.16 1.535
1021049 2 2002 1 373 2 12 1 3 27.3 2381 40.59 0.094574987 -0.005201852 0.027568645 -1.133 -54.33 1.517
1021050 2 2002 1 373 2 12 1 3 29.2 2551 38.16 0.094891641 0.001605638 0.02814042 0.761 119.4 -0.9214
1021053 1 2002 1 375 2 3 1 1 28.5 2553 41.26 -0.005503268 0.015274421 0.004041319 -4.534 -177.9 -0.016
1021054 2 2002 1 375 2 3 1 1 24 2482 38.72 -0.013667859 0.003105725 0.003912222 -5.894 49.42 -0.4862
1021057 1 2002 6 377 2 12 1 1 34 3083 43.97 -0.068234037 0.042028135 0.023210471 3.535 239.7 2.069
1021058 2 2002 6 377 2 12 1 1 25.1 3027 43 -0.057483251 0.053716516 0.027071912 -2.216 495.2 3.11
1021059 1 2002 6 378 2 12 1 4 30.3 2837 38.05 -0.048138383 0.010540694 0.005549956 -0.5565 103 -3.278
1021060 1 2002 6 378 2 12 1 4 28.2 2372 42.27 -0.064025071 0.027803914 0.015312931 -2.673 -351.6 0.9827
1021061 2 2002 6 379 2 4 1 3 28.9 2336 38.73 0.111079977 0.063791957 0.026860582 0.07 -53 -1.366
1021062 2 2002 6 379 2 4 1 3 24.2 2263 40.96 0.095746498 0.05523611 0.021450934 -4.657 -131.1 0.888
1021063 1 2002 6 380 2 4 1 3 38.9 2762 38.7 0.097250247 0.056351765 0.02762132 6.924 64.25 -3.392
1021064 2 2002 6 380 2 4 1 3 27.3 2563 40.51 0.102270023 0.061102002 0.029879368 -1.531 172.9 0.4455
1021066 1 2002 6 381 2 3 1 3 35.3 2752 37.24 0.075416655 0.073073796 0.01759458 3.356 52.07 -4.64
1021067 2 2002 6 381 2 3 1 3 27.1 2216 40.91 0.070666315 0.066546063 0.018922303 -1.702 -182.4 1.09
1021068 1 2002 6 382 2 12 1 1 29.3 2628 42.17 -0.073756728 0.047672158 -0.007151844 -1.676 -87.03 0.797
1021069 2 2002 6 382 2 12 1 1 28.5 2210 37.59 -0.077533619 0.027783625 0.003004838 0.709 -209.8 -1.676
1021070 1 2002 6 383 2 12 1 4 29.3 2466 38.55 0.096897839 -0.023602486 0.078797093 -1.092 -280.1 -2.769
1021073 1 2002 7 385 1 4 1 3 38.6 3239 38.88 -0.15421922 0.101916983 0.024879976 2.877 484.7 -2.059
1021074 1 2002 7 386 1 12 1 1 36.6 2452 35.63 0.099923208 0.080798591 -0.001165537 2.536 -328.3 -5.394
1021075 1 2002 7 387 2 4 1 1 32.3 2691 40.85 0.155847038 0.135247996 0.003760579 0.4445 32.92 -1.635
1021077 2 2002 7 388 2 3 1 3 31.5 2638 38.58 0.02683179 -0.07619558 -0.186653426 2.417 142.1 -1.735
1021078 2 2002 7 388 2 3 1 3 27.9 2015 38.75 0.026867023 -0.086044735 -0.190577823 -1.182 -486.6 -1.565
1021079 1 2002 7 389 2 12 1 3 36.8 2981 40.05 -0.02869668 0.079767286 0.037694684 6.18 287.3 -1.387
1021080 1 2002 7 389 2 12 1 3 30.5 2582 41.49 -0.022456057 0.05675988 0.025989677 -0.1162 -125.4 0.0336
1021083 1 2002 7 391 2 3 1 1 35.2 2432 37.68 -0.190407879 0.110558095 0.010267153 3.002 -246.9 -3.828
1021084 2 2002 7 391 2 3 1 1 28.6 2098 39.33 -0.188390324 0.104697515 0.004788216 -0.4666 -279.7 -0.1555
1021085 2 2002 7 392 1 4 1 3 36.7 2781 36.67 0.142836205 0.086952151 0.022009865 4.556 321.2 -2.816
1021086 1 2002 7 393 2 12 1 4 31.1 2740 43.18 0.048117079 -0.062035686 -0.196707884 0.09 -54.15 0.9882
1021087 2 2002 7 393 2 12 1 4 25.1 2222 44.15 0.023975744 -0.064973384 -0.201098308 -2.817 -269.1 4.032
1021089 1 2002 7 395 1 3 1 1 43.1 2872 37.51 -0.191973289 0.108584541 0.014727095 7.397 110.1 -3.172
1021091 1 2002 8 397 2 12 1 4 37.2 3319 42.29 -0.04829663 -0.087195931 -0.182473351 6.322 513.1 0.2946
1021093 1 2002 8 398 2 4 1 1 31.8 2669 41.66 0.117916406 0.077584397 -0.008769451 0.1248 -21.44 -0.7909
1021094 2 2002 8 398 2 4 1 1 26.7 2048 41.72 0.099300726 0.078405455 0.004418385 -1.828 -335.7 1.387
1021095 2 2002 8 399 2 4 1 3 29.3 2143 40.62 0.009786081 -0.081482799 -0.194352433 0.2643 -346.2 0.0127
1021096 2 2002 8 399 2 4 1 3 30.3 2552 40.51 -0.06845364 0.008061 0.022868361 1.667 133.3 0.6762
1021097 1 2002 8 400 2 4 1 3 19.5 2538 50.38 0.035392448 -0.041222622 0.017406982 -12.07 -213.5 8.353
1021098 1 2002 8 400 2 4 1 3 26.5 2928 43.84 0.044435768 -0.043706478 0.021192949 -5.046 175.5 1.812
1021099 2 2002 8 401 2 3 1 1 25.7 2517 40.28 -0.021742783 0.027610891 0.013203028 -2.804 97.19 0.518
1021100 2 2002 8 401 2 3 1 1 32.1 2679 40.55 -0.178209055 0.106057347 0.008936455 3.259 302.2 0.9751
1021103 1 2002 8 402 2 4 1 3 34.6 2898 43.56 0.146683814 0.110901558 0.009615902 2.979 227.2 1.067
1021104 2 2002 8 402 2 4 1 3 31.7 2424 40.76 0.15632919 0.105694235 0.012085537 3.243 55.46 0.3002
1021105 1 2002 8 403 2 4 1 3 39.5 2797 41.94 0.088462777 0.026853501 0.027031979 7.948 82.9 -0.257
1021106 2 2002 8 403 2 4 1 3 31.9 2273 41.97 0.092554204 0.026012093 0.017655635 3.464 -137.6 1.77
1021107 2 2002 8 404 1 3 1 1 32.1 2488 40.23 -0.066621335 0.031461921 -0.004929296 -0.0447 -13.62 1.295
1021108 1 2002 9 405 1 12 1 3 36.7 3021 40.82 0.020834839 -0.049706337 0.00843424 3.11 171.3 0.0103
1021109 1 2002 9 406 2 4 1 3 34.9 2904 42.19 0.000454737 -0.117798422 -0.178328657 3.006 91.71 -0.4099
1021110 2 2002 9 406 2 4 1 3 29.5 2454 38.61 0.0114594 -0.11573004 -0.192036254 0.7164 -53.71 -2.025
1021111 1 2002 9 407 2 12 1 4 30.5 3143 43.61 -0.174886086 0.017901556 0.065297043 0.2246 419.1 2.486
1021112 1 2002 9 407 2 12 1 4 24.6 2412 44.21 -0.167626791 0.016362071 0.059487113 -5.68 -313.3 3.054
1021114 2 2002 9 408 2 4 1 3 20.3 2163 38.79 0.147112475 0.112082972 0.004639551 -7.999 -203 -1.767
1021115 1 2002 9 409 2 3 1 3 32.8 3051 42.37 0.145123483 0.111719084 0.015526477 1.506 370.7 0.0443
1021116 2 2002 9 409 2 3 1 3 31 2587 42.74 0.153261027 0.117718028 0.016295703 2.85 214.8 2.429
1021119 1 2002 9 411 2 4 1 3 36.4 2912 39.85 -0.173583031 0.076431395 0.020501891 4.587 225.6 -1.996
1021122 1 2002 10 412 2 3 1 1 32.3 3092 43.85 0.03664019 -0.008728469 0.008577819 1.177 346.4 1.808
1021123 1 2002 10 413 2 4 1 3 34.3 2874 39.44 0.105272877 0.035716927 0.027932316 3.165 164.3 -2.963
1021124 2 2002 10 413 2 4 1 3 28.5 2554 40.64 0.101407524 0.049283332 0.020573797 0.4586 155.8 0.237
1021125 1 2002 10 414 2 12 1 3 29.5 2532 44.02 0.052089387 -0.057034714 -0.212512018 -0.9538 -261.7 1.515
1021126 2 2002 10 414 2 12 1 3 24.6 2920 45.25 0.049707897 -0.039147754 -0.185628077 -2.665 443.6 4.853
1021127 1 2002 10 415 2 3 1 3 29.1 2783 43.81 -0.087823246 0.007675143 0.02902259 -2.165 49.12 2.064
1021131 1 2002 10 417 2 4 1 3 28.1 2567 46.17 -0.097137045 0.006015766 0.027796321 -3.293 -157.5 4.214
1021132 2 2002 10 417 2 4 1 3 30.8 2120 38.29 -0.076602832 0.012851228 0.038174361 2.595 -295 -1.644
1021133 2 2002 10 418 2 4 1 1 34.3 2369 34.89 0.08469401 0.080082525 -0.006050691 6.12 -15.12 -5.615
1021135 1 2002 10 419 2 12 1 3 36.1 2810 40.63 0.106458619 0.063521668 0.019704016 6.247 104.2 -1.36
1021136 1 2002 10 419 2 12 1 3 33.5 2864 40.74 0.118477225 0.070237766 0.024294789 3.67 162.2 -1.267
1021137 1 2002 10 420 2 12 1 3 36.1 2802 38.76 0.114665872 0.069941876 0.030432651 6.691 -27.54 -3.848
1021138 1 2002 10 420 2 12 1 3 29 2554 39.37 0.10459375 0.065856398 0.013557232 -0.4676 -279.4 -3.269
1021139 1 2002 10 421 2 3 1 3 32.6 2865 42.04 0.005420227 -0.133547437 -0.156092778 1.11 35.81 -0.3263
1021140 2 2002 10 421 2 3 1 3 35.6 2755 41.64 0.0163008 -0.140192069 -0.167985738 7.236 225.9 1.257
1021141 2 2002 10 422 2 12 1 3 27.9 2701 44.18 0.083900344 0.005812907 0.022088534 1.229 269.3 4.362
1021142 2 2002 10 422 2 12 1 3 30.5 2543 37.96 0.078184385 0.000647819 0.01401953 3.804 107.7 -1.866
1021143 1 2002 10 423 2 3 1 3 32.3 2526 39.81 0.145146689 0.110229314 0.010777519 1.195 -155.8 -2.611
1021144 1 2002 10 423 2 3 1 3 31 2348 41.22 0.149859455 0.113864468 0.012290466 -0.0984 -331.7 -1.211
1021148 1 2002 10 425 2 12 1 3 32.2 2469 42.87 0.147374518 0.105877105 0.003679635 2.717 -344 0.0542
1021149 1 2002 10 426 2 4 1 3 25.8 2643 42.11 0.0287823 -0.048414689 0.037980294 -5.314 -110.7 0.0145
1021151 1 2002 11 427 1 12 1 3 26.4 2297 39.65 -0.055371907 -0.000584166 0.017860809 -6.932 -525.2 -1.207
1021152 2 2002 11 428 1 4 1 3 33.7 3071 41.42 0.024504754 -0.037264124 0.023769479 2.345 544.2 2.028
1021153 1 2002 11 429 1 12 1 3 33.8 2565 43.75 0.030110251 -0.037082252 0.00539663 0.6011 -278.7 2.731
1021156 1 2002 11 431 2 12 1 3 28.7 2647 39.74 0.046530742 -0.057869441 -0.195997693 -1.512 -145.6 -2.777
1021158 1 2002 11 432 2 4 1 1 33.6 2552 40.77 -0.0430601 0.030911151 0.025428005 2.449 -159.8 -1.419
1021159 2 2002 11 432 2 4 1 1 31.4 2176 40.2 -0.040055216 0.028198243 0.030247237 3.407 -231.9 0.0622
1021161 1 2002 11 433 2 4 1 3 29.1 2399 43.2 -0.044016403 -0.00584112 0.045391232 -1.95 -330.7 1.134
1021164 2 2002 11 434 2 3 1 3 29 2358 40.48 0.102327717 0.052522034 0.026010321 1.285 -48.51 0.2341
1021165 2 2002 11 434 2 3 1 3 30.3 2499 36.86 0.147184409 0.091975463 0.017511495 2.577 112.7 -3.561
1021166 1 2002 11 435 2 3 1 3 34.2 3024 44.64 -0.05858451 -0.019019676 0.038876728 3.239 276.3 2.826
1021167 1 2002 11 435 2 3 1 3 26 2900 46.86 -0.068685107 -0.011436421 0.038985345 -4.985 156.5 5.055
1021168 1 2002 11 436 2 4 1 3 29.1 3017 43.3 -0.190081885 0.06569353 0.032238447 -2.288 325.6 1.38
1021171 1 2002 11 438 2 4 1 1 28.7 2478 42.48 0.143361102 0.128490207 -0.001460543 -2.377 -185 -0.313
1021173 1 2002 11 439 2 4 1 3 28.3 2409 45.14 -0.05405614 0.020576543 0.022890147 -2.862 -308.6 2.979
1021176 1 2002 11 441 2 12 1 3 30.8 2927 44.9 -0.012496749 0.032909702 0.031842 1.048 206.4 3.152
1021180 1 2002 11 443 2 12 1 3 27.4 2674 44.38 0.061855617 0.082898826 0.00316645 -2.389 -22.9 2.314
1021181 2 2002 11 443 2 12 1 3 30.8 2226 39.79 0.088486815 0.017362354 0.030755357 4.347 -198.9 -0.1048
1021182 1 2002 11 444 2 3 1 3 23.7 2856 49.88 -0.061542079 0.012619519 0.027678326 -7.336 124.3 7.988
1021183 2 2002 11 444 2 3 1 3 28.2 2871 41.69 -0.071315058 0.007409015 0.036737132 0.3188 442.3 1.893
1021184 1 2002 11 445 2 4 1 1 33 2820 40.05 0.026306207 -0.038197311 0.035239694 2.063 71.36 -2.146
1021185 1 2002 11 445 2 4 1 1 31.2 2680 43.9 0.027776623 -0.034672074 0.035108405 0.2606 -66.76 1.696
1021186 1 2002 11 446 2 3 1 3 32.4 2599 40.16 -0.008545681 -0.096590388 -0.186879323 0.9559 -213.4 -2.418
1021187 1 2002 11 446 2 3 1 3 32.5 2352 41.56 -0.001256497 -0.1011739 -0.184122295 1.08 -462.6 -1.016
1021188 1 2002 12 447 2 3 1 1 19.3 2881 45.33 -0.05204088 -0.028026382 0.045358726 -11.42 128.8 3.456
1021189 1 2002 12 447 2 3 1 1 18.2 2296 52.41 -0.055578607 -0.014514438 0.020585005 -12.61 -451.3 10.44
1021190 2 2002 12 448 1 12 1 1 29.1 2735 41.06 -0.069452636 0.019740777 0.004313716 -0.9792 227.3 2.111
1021191 2 2002 12 449 1 4 1 1 26.6 2324 38.2 -0.085967788 0.032185119 -0.00127426 -4.873 -167.2 -1.236
1021198 1 2002 12 453 1 3 1 1 26.8 2694 45.16 0.070087249 0.09272766 0.007493088 -7.519 -79.91 3.545
1021199 1 2002 12 454 2 4 1 3 22.4 2048 46.35 -0.051118237 0.007657304 0.028557926 -8.525 -676.2 4.14
1021200 1 2002 12 454 2 4 1 3 25.2 2457 44.65 -0.028862494 0.012936849 0.030913181 -5.692 -264.3 2.396
1021202 2 2002 12 455 2 3 1 3 30 2904 40.87 0.023717968 -0.039607074 0.024021698 2.479 447.8 0.8245
1021210 2 2002 12 458 2 4 1 3 21 2124 44.17 0.097789545 0.141411488 0.016017917 -6.772 -225.3 3.465
1021215 2 2002 12 461 1 3 1 1 29.7 2297 40.63 0.134160219 0.120819309 -0.043918251 -1.572 -162.4 0.707
1021216 1 2002 12 462 1 12 1 4 35.2 2783 42.73 -0.008746496 0.037883563 0.019244012 2.093 -18.76 1.648
1021217 2 2002 12 463 1 12 1 4 27.6 2704 37.01 0.000708013 -0.093525599 -0.203737032 -2.838 113.9 -2.631
1021220 2 2002 13 464 2 3 2 3 31.4 2606 38.85 0.012548452 -0.104135307 -0.194109612 2.582 102.8 -1.383
1021221 2 2002 13 465 2 3 2 3 32.8 2643 40.28 -0.053992554 0.007402132 0.034358901 4.407 223.2 0.8045
1021222 2 2002 13 465 2 3 2 3 31.7 2920 39.56 -0.049516641 -0.008617688 0.034227463 3.333 491.5 0.0979
1021225 1 2002 13 467 1 3 2 1 39.1 2759 37.83 0.100559403 0.071778356 0.006659975 4.118 -17.04 -3.373
1021226 1 2002 13 468 2 4 2 3 39.4 3162 41.15 0.013135541 -0.120799792 -0.192099135 7.36 355.5 -1.316
1021227 2 2002 13 468 2 4 2 3 30.3 2164 42.63 0.003097999 -0.118973195 -0.186808446 1.395 -336 2.236
1021228 1 2002 13 469 2 12 2 3 30.9 2731 42.43 -0.039710797 0.042301234 0.019623957 0.5314 23.74 1.046
1021229 1 2002 13 469 2 12 2 3 23.4 2718 40.1 -0.021162986 0.052453506 0.032122382 -6.918 17.34 -1.293
1021235 2 2002 13 471 2 4 2 3 27.2 2280 42.79 0.106283956 0.04257662 0.030787988 -1.125 -111.8 2.705
1021236 1 2002 13 472 1 4 2 3 22 2438 45.41 -0.050421144 -0.002746705 -0.000938389 -13.24 -367.7 4.363
1021237 1 2002 14 473 2 4 2 1 31.7 3027 37.13 -0.055719997 0.022515078 0.018561814 0.192 319.1 -4.762
1021240 1 2002 14 475 2 3 2 3 31.9 2759 40.36 0.149072418 0.111978846 0.009235307 0.6658 86.8 -1.875
1021241 1 2002 14 475 2 3 2 3 37 2436 40.93 0.146897745 0.118409008 0.011068711 5.76 -232.5 -1.303
1021243 2 2002 14 476 2 4 2 1 32.7 2763 40.06 0.028589092 -0.003891406 0.009781125 4.459 344.3 0.0434
1021245 2 2002 14 477 2 4 2 3 37.2 2071 38.88 -0.005895578 -0.075043648 -0.197032558 8.399 -406.5 -1.675
1021248 2 2002 15 480 1 12 2 1 28.6 2491 38.26 0.027037608 -0.067163566 0.048707779 -1.433 -50.87 -0.3234
1021249 2 2002 15 481 2 12 2 1 31.5 2636 39.7 -0.056546724 0.037903864 0.004083183 4.606 229.4 0.177
1021250 2 2002 15 481 2 12 2 1 29 2317 38.18 -0.074680178 0.035355367 0.003570673 2.081 -90.9 -1.305
1021251 2 2002 15 482 1 3 2 1 31 2241 34.86 0.091949139 0.082014946 0.013142732 -0.4498 -224.3 -4.445
1021254 2 2002 15 485 2 4 2 1 23.4 1951 40.92 0.105928679 0.080470616 0.021005755 -4.599 -421.7 0.5857
1021255 2 2002 15 485 2 4 2 1 28 2361 39.77 0.104311053 0.083527512 0.018881649 -0.0116 -10.27 -0.5727
1021256 1 2002 15 486 2 4 2 3 22.5 2366 47.47 0.104142566 0.030647997 0.026630498 -8.561 -338 5.193
1021258 1 2002 16 487 2 4 2 1 28.1 3006 44.33 0.13891844 0.130710858 -0.008108362 -2.933 352.2 1.641
1021261 2 2002 16 489 1 4 2 3 31.3 2405 36.39 0.021832104 -0.025621271 0.019636276 -0.0126 -107.2 -2.906
1021265 1 2002 16 491 2 4 2 1 33.1 3561 38.71 -0.036170739 0.029964425 0.018287875 2.012 856.6 -3.395
1021266 2 2002 16 491 2 4 2 1 29.9 2210 39.16 -0.054257893 0.036329282 0.018390119 1.915 -186 -0.8809
1021267 2 2002 16 492 2 3 2 3 25.7 2120 41.18 -0.05733565 -0.005538155 0.000586319 -2.177 -310.7 1.37
1021269 2 2002 16 493 2 4 2 1 24.2 2330 39.46 0.107937225 0.081157812 0.019261971 -3.602 -42.74 -0.9665
1021270 2 2002 16 493 2 4 2 1 25.9 2263 38.23 0.111303875 0.071357708 0.003921201 -1.929 -116.6 -2.242
1021275 1 2002 17 495 1 3 2 3 36.4 2505 40.78 0.119606624 0.057044862 0.03156697 2.339 -277.5 -0.6804
1021276 1 2002 17 496 2 4 2 1 35 2631 38.1 0.014739332 -0.004061948 -0.00618133 4.158 -94.8 -4.224
1021277 2 2002 17 496 2 4 2 1 33 2670 38.5 0.021624613 -0.015911496 -0.002336483 5.331 243 -1.771
1021281 2 2002 17 499 1 12 2 1 35.4 2727 34.03 0.026915903 -0.090235127 0.078223263 5.882 175.2 -4.582
1021282 2 2002 17 500 1 3 2 3 25.5 2757 43.48 0.154845316 0.125208003 0.003509878 -5.538 313.2 3.792
1021283 1 2002 17 501 1 12 2 3 31.7 2310 41.15 -0.042526364 -0.005395434 0.045446711 -1.255 -503.7 0.4077
1021284 2 2002 17 502 1 3 2 1 33.7 2642 40.35 0.125757316 0.137047687 -0.0200141 2.538 202.5 0.6233
1021286 2 2002 18 504 1 4 2 1 33.2 2475 40.02 0.137929153 0.13771009 -0.00723392 2.179 47.18 0.0042
1021287 2 2002 19 505 1 12 2 3 34.7 3414 38.97 -0.059455664 -0.016332754 0.040074467 5.257 898.5 0.1328
1021288 2 2002 19 506 1 12 2 3 30.8 2153 39.87 -0.066589762 -0.006191546 0.01728639 1.268 -359.3 0.9546
1021289 1 2002 19 507 1 3 2 1 38.8 3004 39.11 0.077753016 0.092894657 0.007040946 4.965 238.3 -2.564
1021291 2 2002 19 508 2 4 2 3 29.5 2302 40.39 -0.054281945 -0.008709936 0.026638106 2.196 -118.1 0.1976
1021296 2 2002 21 512 1 12 2 1 28.8 2257 37.31 0.085014741 0.026352812 0.055653505 -0.0387 -235.3 -1.986
1021298 2 2002 21 514 1 3 2 1 32 2069 42.34 0.102718483 0.075808851 -0.044724218 1.611 -406.7 2.337
1021299 1 2002 19 515 1 4 2 3 31.2 2493 40.23 0.023671924 -0.058037931 0.037755347 -2.552 -340.5 -1.242
1021300 2 2002 20 516 1 4 2 3 29.9 2385 NA -0.046299739 0.013403856 0.034312333 -0.7145 -105.1 NA
1021302 1 2002 22 518 2 3 2 1 26.7 2592 42.95 0.004588922 -0.002619805 0.003219865 -3.015 -143.4 0.4967
1021304 1 2002 22 519 1 12 2 1 32.4 3101 43.6 -0.065509831 -0.039641277 0.056981013 0.4911 269.1 2.586
1021305 2 2002 27 520 1 3 2 3 26.3 2606 43.38 -0.050587034 0.009825217 0.020466311 -2.838 100.9 3.513
1021306 1 2002 27 521 1 12 2 3 33.1 3223 41.69 -0.03399595 0.067140744 0.029464666 2.03 444.8 -0.0401
1021312 2 2002 30 524 2 4 2 1 28.3 2400 38.73 0.022135472 -0.002192623 0.000547032 3.233 -21.97 -2.608
1021316 2 2002 10 525 1 12 2 4 29.9 2339 41.42 0.115586631 0.083182889 0.021473472 -1.271 -123.9 2.758
1031001 2 2003 30 528 1 4 1 1 34 2570 37.48 -0.005651893 -0.067702074 -0.206981951 3.852 53.74 -3.702
1031002 1 2003 30 529 1 12 1 6 41.2 2455 38.71 0.036122662 0.148976371 0.001878174 9.651 -238.9 -3.702
1031003 1 2003 30 530 1 3 1 1 22.5 2748 46.15 -0.194630334 0.090977269 0.005113965 -10.53 24.54 4.037
1031004 1 2003 31 531 2 12 1 7 35.7 2744 40.22 0.011116846 -0.141421292 0.117351812 8.524 -12.95 -2.219
1031006 1 2003 1 532 1 3 1 4 32.4 2582 41.25 0.160030657 0.108358266 0.01859427 -5.918 -127.1 0.8051
1031007 2 2003 1 533 1 4 1 1 41.2 3084 36.19 -0.003306826 -0.066207088 -0.204989024 5.238 574.7 -2.635
1031008 2 2003 1 534 1 12 1 6 31.7 2576 36.4 0.063978681 -0.064045779 -0.197694389 -2.808 57.92 -2.055
1031009 1 2003 1 535 2 4 1 1 43.8 2979 39.09 -0.184948173 0.093228762 -0.005473447 8.334 354.4 -1.756
1031010 2 2003 1 535 2 4 1 1 33.7 2365 42.48 -0.192796997 0.094252514 -0.02063548 1.315 44.38 3.633
1031011 1 2003 1 536 2 3 1 3 33.8 2557 38.27 0.015738883 -0.162130628 0.135689401 -0.5391 -203.2 -1.905
1031012 2 2003 1 536 2 3 1 3 30 2393 35.38 0.019521739 -0.160578386 0.138941518 -1.189 -61.21 -2.757
1031013 2 2003 1 537 2 3 1 1 34.8 2340 37.13 -0.188243037 0.031629773 0.064338668 2.856 -16.4 -1.12
1031014 2 2003 1 537 2 3 1 1 36.4 2234 36.4 -0.181996527 0.039156586 0.060640228 4.446 -118.7 -1.886
1031015 1 2003 2 538 1 12 1 6 33.7 2790 40.42 0.091432155 -0.012265196 -0.201189743 -3.778 -5.735 -0.2932
1031016 2 2003 2 539 1 12 1 6 33.3 2357 34.73 0.024631026 -0.201703209 0.14799157 0.1029 -201.1 -2.347
1031017 1 2003 2 540 1 3 1 4 32.6 2699 37 -0.029007783 -0.145255472 0.133566253 -5.149 -134.6 -2.393
1031019 1 2003 2 542 2 3 1 3 40.6 2782 37.11 0.026668047 -0.147807181 0.137716354 6.466 29.42 -3.181
1031020 1 2003 2 542 2 3 1 3 34.9 2532 37.77 0.029070088 -0.148365791 0.145900919 0.7936 -220.1 -2.497
1031021 2 2003 2 543 2 4 1 3 33.5 2460 39.81 0.008377141 -0.183283467 0.136137122 2.402 3.469 1.411
1031022 2 2003 2 543 2 4 1 3 32.2 2114 38.58 0.008985256 -0.168308386 0.142484027 1.103 -333.8 0.18
1031023 1 2003 2 544 2 4 1 3 44.2 3377 44.35 0.023520658 -0.166220612 0.140802314 9.98 625.2 3.876
1031024 2 2003 2 544 2 4 1 3 32 2200 40.56 0.017244425 -0.16527789 0.139069303 0.9016 -246.6 2.127
1031025 2 2003 3 545 2 12 1 6 28.3 3047 38.72 0.147119591 0.113522609 0.01594668 -1.769 727.5 -0.389
1031026 2 2003 3 545 2 12 1 6 29.1 2183 39.57 0.146697413 0.122702762 0.018214773 -0.9742 -131.3 0.4565
1031027 2 2003 3 546 2 12 1 6 21.5 2164 36.02 0.016496794 -0.108467113 -0.190061396 -9.08 -295 -3.217
1031028 2 2003 3 546 2 12 1 6 24.8 2345 45.39 0.009389819 -0.101804507 -0.189997376 -5.799 -110.4 6.157
1031030 1 2003 3 547 2 3 1 3 30.7 2244 40.77 0.041641177 -0.133724427 0.11014723 -3.309 -504 0.2531
1031031 1 2003 3 548 2 4 1 4 32.6 2970 43.36 0.019900574 -0.168058567 0.13629323 -1.435 216.5 2.799
1031032 2 2003 3 548 2 4 1 4 29.3 1992 38.98 0.020658455 -0.176148827 0.145677601 -1.56 -460 0.4975
1031033 2 2003 3 549 2 12 1 7 32.2 2433 36.51 0.06673001 -0.044122468 -0.19669243 1.594 7.739 -2.942
1031035 1 2003 3 550 2 4 1 3 31.8 2411 36.04 0.028270611 -0.153099176 0.121919697 -2.283 -335.9 -4.609
1031036 1 2003 3 550 2 4 1 3 34.1 3042 39.98 0.022367434 -0.153200995 0.127469029 0.0246 295.7 -0.6375
1031037 1 2003 3 551 2 12 1 6 30.6 2223 38.87 0.034654058 0.183752196 0.004130806 -2.89 -363.9 -2.191
1031038 2 2003 3 551 2 12 1 6 30.9 2176 38.25 0.044242221 0.171833034 0.021385552 0.6254 -110.8 -0.7173
1031039 1 2003 4 552 1 4 1 3 39 2456 42.53 -0.166360207 0.085636258 0.013076652 0.7083 -254 2.282
1031040 1 2003 4 553 1 12 1 6 39.6 2938 40.61 0.101193775 -0.08765558 0.138854488 3.612 134.8 0.987
1031041 1 2003 4 554 2 4 1 3 38.7 3073 43.46 0.022093109 -0.16756214 0.129462865 4.848 318.9 2.789
1031042 2 2003 4 554 2 4 1 3 28.8 2575 41.74 0.021848396 -0.158446142 0.129916951 -1.925 130.8 3.095
1031043 1 2003 4 555 2 3 1 4 32.1 2789 43.03 0.003003099 -0.085654676 -0.212141093 -2.753 34.98 1.337
1031044 1 2003 4 555 2 3 1 4 29.3 2862 41.92 0.000812483 -0.091619147 -0.199873664 -5.514 106 0.2814
1031045 1 2003 4 556 2 12 1 7 32.1 2843 38.3 0.008609706 -0.136836278 -0.175602368 -1.351 65.02 -2.95
1031046 1 2003 4 556 2 12 1 7 36.9 2700 36.37 0.011314939 -0.138982802 -0.166240979 3.482 -78.23 -4.85
1031047 1 2003 4 557 1 12 1 6 36.4 2889 41.79 0.025178064 -0.208350859 0.036575611 0.155 10.96 2.141
1031048 1 2003 4 558 2 4 1 1 36.5 2512 35.99 -0.182196261 0.10486067 0.014534003 1.684 -105 -5.053
1031049 2 2003 4 558 2 4 1 1 28 1962 38.19 -0.182670089 0.112365632 0.008076817 -3.708 -346.7 -0.8485
1031052 2 2003 4 560 2 12 1 7 31.8 2198 37.01 -0.179430852 0.08443881 0.016231961 1.493 -135.2 -1.484
1031054 1 2003 4 561 2 3 1 4 29.5 2531 45.66 0.019619078 -0.142884604 -0.160556062 -5.11 -248.9 4.191
1031055 1 2003 4 562 2 3 1 1 32.9 2658 39.31 -0.184323241 0.023520595 0.066464613 -1.556 -8.113 -1.209
1031056 2 2003 4 562 2 3 1 1 31.2 2370 36.27 -0.175628121 0.047750124 0.043894779 -0.2018 19.57 -2.342
1031057 2 2003 1 563 2 12 1 6 35.4 2864 39.83 -0.111763078 -0.039733621 -0.179266749 4.178 444.4 0.9511
1031058 2 2003 1 563 2 12 1 6 32.2 2703 39.66 -0.101239402 -0.058007789 -0.189740796 0.9855 272.4 0.7502
1031060 2 2003 1 564 2 4 1 3 35.2 2618 40.74 -0.005847094 -0.13577589 -0.178078625 2.916 156.2 1.306
1031061 2 2003 1 564 2 4 1 3 28.3 2219 42.84 -0.010231997 -0.125876538 -0.174527431 -3.993 -237 3.413
1031064 2 2003 1 566 2 4 1 1 29.2 2421 40.45 -0.041463994 -0.063135146 -0.210581543 -3.319 -4.522 0.873
1031065 2 2003 1 566 2 4 1 1 24.7 2107 41.58 -0.033780206 -0.068980351 -0.210027196 -7.799 -321.7 1.998
1031066 1 2003 1 567 2 4 1 1 33.7 2730 42.96 -0.179062886 0.087524914 -0.007129884 -1.755 102.1 2.105
1031068 1 2003 1 567 2 4 1 1 32.6 2441 43.01 -0.182413225 0.093642984 -0.016640997 -2.895 -184.5 2.12
1031070 1 2003 1 568 2 12 1 6 39.7 2562 35.27 -0.068581209 -0.10422623 0.143982737 6.416 -165.5 -4.533
1031071 1 2003 1 569 2 12 1 6 33.3 2765 38.99 -0.075912025 -0.116147664 0.139940238 0.0086 30.73 -0.7948
1031072 2 2003 1 569 2 12 1 6 31.2 2484 41.75 -0.075226297 -0.110929812 0.136956765 1.031 57.14 3.983
1031073 2 2003 1 570 2 3 1 1 37.8 2229 37.26 -0.182558475 0.096196983 -0.006688403 5.58 -99.61 -1.336
1031074 2 2003 1 570 2 3 1 1 32.5 2313 36.98 -0.185317952 0.103900087 0.002522109 0.2933 -10.51 -1.59
1031075 1 2003 6 571 2 12 1 6 30 2487 41.43 0.153705199 0.04298045 0.060366179 -2.379 -171.7 0.2799
1031076 2 2003 6 571 2 12 1 6 26.6 2279 42.21 0.148989648 0.048101852 0.064065172 -2.644 -71.69 3.111
1031078 2 2003 6 572 2 3 1 1 34.5 2614 40.62 0.142009645 0.138248537 -0.015439591 3.68 304.1 0.8776
1031079 2 2003 6 573 1 12 1 6 34.6 2730 40.59 -0.198821516 0.03765453 -0.089963043 0.8993 278.3 2.48
1031083 1 2003 7 576 2 12 1 6 38.3 2834 41.17 0.05416435 0.164576374 0.010126896 5.682 236.4 -0.2071
1031084 1 2003 7 576 2 12 1 6 31.9 2481 41.78 0.025452731 0.178600846 0.003434535 -0.796 -109.5 0.4175
1031085 1 2003 7 577 1 12 1 7 41.3 2743 33.26 0.017098809 -0.158801636 0.129118986 5.852 -99.64 -6.371
1031086 1 2003 7 578 1 12 1 6 36.5 2891 43.63 -0.131838898 0.110322289 0.032611498 0.225 185.2 3.584
1031087 1 2003 7 579 2 12 1 6 34.3 2627 41.92 -0.125858104 0.153647716 0.023541555 1.472 26.02 0.9649
1031088 2 2003 7 579 2 12 1 6 34.5 2745 41.66 -0.131548684 0.148730626 0.03347648 4.836 447.3 2.794
1031089 1 2003 7 580 2 12 1 7 30.8 2281 43.17 0.037356929 0.191348285 0.004307731 -1.892 -302.6 1.768
1031090 1 2003 7 580 2 12 1 7 32.1 2667 40.79 0.021567555 0.191821113 0.006121312 -0.6102 83.95 -0.5744
1031091 1 2003 8 581 1 3 1 1 37 2638 38.85 0.144869733 0.145700201 -0.011478831 -0.0676 -55.23 -2.29
1031092 1 2003 8 582 1 12 1 4 33 2295 39.33 0.069472724 -0.113377812 0.129743065 -2.226 -523.6 -0.5492
1031094 1 2003 8 584 2 4 1 3 36.6 3090 41.78 0.016749432 -0.087994201 -0.200648266 2.493 345.3 -0.4497
1031097 1 2003 8 585 2 12 1 7 25.5 2029 42.05 0.070156766 -0.108558985 0.139015361 -6.185 -703.7 1.39
1031098 1 2003 8 585 2 12 1 7 27.1 2533 43.84 0.065230478 -0.095698304 0.126837552 -4.644 -193.9 3.13
1031099 1 2003 8 586 2 3 1 4 36.5 2631 41.76 -0.175767349 0.085792393 0.014176667 2.632 -7.545 0.6309
1031100 1 2003 8 586 2 3 1 4 37.7 2516 38.31 -0.167196525 0.081088928 0.015489828 3.854 -125 -2.825
1031101 1 2003 9 587 1 4 1 3 31.5 2514 39.82 -0.181494853 0.06741893 0.030975824 -5.736 -205 -0.7168
1031102 2 2003 9 588 1 3 1 1 35.8 2124 38.85 0.138622412 0.068763352 0.047235988 2.325 -300.2 -0.0113
1031104 1 2003 9 589 2 12 1 6 30 2682 36.22 0.007682072 -0.177931379 0.141630693 -1.483 -87.69 -4.289
1031105 2 2003 9 590 2 3 1 3 28.1 2551 40.25 0.073089897 -0.068794939 -0.177548386 -2.432 112.9 0.1409
1031107 2 2003 9 591 2 3 1 3 32.2 2253 38.41 -0.144498183 0.098957704 0.043910922 1.784 -71 -0.7433
1031108 2 2003 9 591 2 3 1 3 33.6 2130 38.32 -0.132913619 0.109028557 0.029064132 3.146 -190.1 -0.9217
1031109 2 2003 9 592 2 3 1 3 33.4 2399 33.12 0.04000501 -0.149525352 0.133365548 3.817 -51.59 -5.743
1031110 2 2003 9 592 2 3 1 3 30 2280 41.48 0.033873459 -0.14199013 0.138759268 0.4143 -165.9 2.637
1031111 1 2003 9 593 2 3 1 3 34.8 2969 37.68 0.037847928 -0.130848451 0.122402505 2.022 222.5 -3.279
1031112 2 2003 9 593 2 3 1 3 26.1 2117 38 0.048608703 -0.130742001 0.129160063 -3.506 -323.9 -0.9211
1031113 1 2003 9 594 1 12 1 6 39.2 3182 38.65 0.013005704 -0.15978207 0.134490974 4.164 339 -1.115
1031115 2 2003 10 595 2 12 1 6 29.4 2716 43.3 0.187211707 0.138356076 0.018024222 0.7703 408.4 3.513
1031116 2 2003 10 596 2 12 1 6 25.3 2402 44.47 -0.088950125 -0.108815202 0.133328173 -3.095 -25.85 5.983
1031118 1 2003 10 597 2 12 1 7 33.2 2835 41.05 0.080404955 0.005455126 -0.211375211 0.7794 128.6 -1.156
1031119 1 2003 10 597 2 12 1 7 29.9 2438 41.79 0.081646953 -0.004240769 -0.219175396 -2.529 -274.4 -0.4315
1031120 1 2003 10 598 1 12 1 6 37.4 3039 42.23 0.1363665 0.074433735 -0.129765065 1.693 295.3 0.898
1031121 1 2003 10 599 1 12 1 6 35.8 2974 36.93 0.083344237 -0.101206938 0.124173374 0.9651 160.9 -3.176
1031122 2 2003 10 600 2 12 1 6 29.8 2621 41.3 0.060213936 -0.048482656 -0.198506019 0.5904 191.8 1.292
1031123 2 2003 10 600 2 12 1 6 28.9 2625 38.21 0.068256092 -0.048488823 -0.192908615 -0.2818 196.3 -1.795
1031126 1 2003 10 602 1 12 1 4 37.8 2402 33.37 -0.086067117 -0.127124119 0.138067051 2.79 -422.6 -6.312
1031127 1 2003 7 603 2 3 1 3 38.9 2958 35.76 -0.041205656 -0.153074117 0.128566218 5.651 201.1 -4.826
1031129 1 2003 10 604 2 12 1 7 29.9 2279 41.03 -0.089556379 -0.11323179 0.132285951 -1.63 -456.2 0.5106
1031130 2 2003 10 604 2 12 1 7 28.1 2081 38.89 -0.101554626 -0.107065782 0.131892717 -0.3195 -346 0.4211
1031131 2 2003 10 605 1 4 1 3 23.5 2102 35.44 -0.000536904 -0.169223556 0.131054986 -9.555 -431.4 -2.824
1031132 1 2003 10 606 1 12 1 7 43.7 2881 39.2 -0.185328499 0.050762653 0.031017222 8.018 142.6 -0.9033
1031133 2 2003 10 607 1 3 1 3 28.1 2310 39.5 0.00820038 -0.103945868 -0.189363269 -5.834 -230.4 0.2537
1031134 1 2003 11 608 2 12 1 6 33.1 2813 40.82 0.006918209 -0.097655563 -0.190885444 0.9591 53.24 -1.103
1031136 1 2003 11 609 2 12 1 7 29.7 2850 43.84 0.103965632 -0.065303957 0.133228497 -1.404 139.3 2.787
1031137 1 2003 11 609 2 12 1 7 25.9 2752 43.83 0.10097845 -0.073441308 0.131340361 -5.204 36.71 2.788
1031138 1 2003 11 610 1 12 1 6 34.5 2653 40.88 0.198378492 0.1616228 0.007803692 -0.6259 -30.59 -0.3102
1031139 1 2003 11 611 1 3 1 4 45.3 3040 39.28 -0.065224875 -0.069272258 -0.189734686 8.279 213.7 -1.988
1031140 1 2003 11 612 2 4 1 3 36.2 3371 42.06 0.01842641 -0.171203933 0.121430618 3.73 612.7 0.805
1031142 1 2003 11 613 2 12 1 6 31 2618 42.23 0.006668444 -0.190627585 0.153742839 -0.0322 -157.8 1.62
1031143 1 2003 11 613 2 12 1 6 30.7 2572 40.03 0.007852033 -0.217746358 0.159572995 -0.2802 -217.8 -0.5236
1031144 2 2003 11 614 2 4 1 3 24.9 2329 42.01 0.138560151 0.100086545 0.030374398 -4.855 12.35 1.853
1031147 2 2003 11 615 2 3 1 4 29.3 2278 40.42 0.048567701 -0.043487816 -0.202861764 -0.97 -149.2 0.0747
1031148 2 2003 11 615 2 3 1 4 28.6 2527 41.14 0.033748637 -0.058336518 -0.199466738 -1.664 92.25 0.8571
1031149 1 2003 11 616 2 12 1 7 24.2 2683 47.1 0.149801634 0.100300178 0.024291617 -7.355 50.63 5.346
1031150 2 2003 11 616 2 12 1 7 25.4 2653 42.15 0.149720639 0.100921186 0.017819203 -3.038 325.2 2.41
1031152 2 2003 11 617 2 4 1 1 36.7 2826 36.43 0.019407685 -0.180746251 0.140250323 7.434 369.3 -2.712
1031153 2 2003 11 618 2 3 1 3 28.2 2212 40.12 0.072499022 -0.12186369 0.132087223 -0.972 -224.4 0.9859
1031154 1 2003 11 618 2 3 1 3 33.1 2623 42.59 0.066287421 -0.125765128 0.119883119 0.7516 -121.6 1.395
1031157 2 2003 11 620 2 4 1 1 37.4 2544 39.12 0.150295115 0.137020461 0.007914133 7.552 245 -1.19
1031158 2 2003 11 620 2 4 1 1 33.6 2470 39.84 0.145623886 0.133109701 0.00449026 3.74 168.6 -0.4667
1031159 1 2003 12 621 1 4 1 3 33.4 2711 38.02 0.047409499 -0.145087133 0.134297831 -2.341 -114.7 -2.563
1031160 2 2003 12 622 1 12 1 6 38.6 2670 40.76 -0.198154178 0.032600309 -0.099084064 6.085 213.4 2.137
1031161 2 2003 12 623 1 4 1 3 37.3 2719 38.61 0.013266458 -0.103508241 -0.194981297 3.645 188.2 -1.055
1031162 1 2003 12 624 2 4 1 3 35.2 3162 41.2 0.018721929 -0.15756611 0.111427249 2.885 409.9 -0.1905
1031163 2 2003 12 624 2 4 1 3 28 2584 41.47 0.025202313 -0.160676445 0.117212511 -1.148 135.6 2.127
1031164 1 2003 12 625 2 3 1 3 37.3 3051 43.52 -0.190465682 0.073417264 0.024444154 4.258 406.1 2.148
1031165 2 2003 12 625 2 3 1 3 35.2 2518 39.03 -0.193821885 0.066522203 0.036534689 5.333 175.4 -0.2475
1031166 2 2003 12 626 2 4 1 3 32.3 2086 38.04 0.154178479 0.114564428 0.015369998 2.707 -224.6 -2.301
1031167 2 2003 12 626 2 4 1 3 33.1 2599 41.68 0.159668844 0.109833073 0.01777229 3.528 286 1.342
1031168 2 2003 12 627 1 12 1 6 33.5 2520 34.81 0.016596731 -0.168889352 0.12608529 2.195 -24.53 -3.185
1031169 1 2003 12 628 2 12 1 3 27.2 2577 44.22 -0.181709199 0.050840984 0.032992481 -4.143 -207.5 2.52
1031170 2 2003 12 628 2 12 1 3 22.1 2598 38.99 -0.195044013 0.058735786 0.039379013 -6.117 123.4 -0.6363
1031171 1 2003 12 629 2 3 1 1 32.6 2615 42.4 0.137528895 0.135747859 -0.024089815 -0.1812 -3.25 0.1162
1031172 2 2003 12 629 2 3 1 1 30.7 2717 42.2 0.136458209 0.133368558 -0.021750969 1.064 402.6 1.966
1031173 1 2003 12 630 2 12 1 7 29.2 2497 42.48 0.006053605 -0.087371256 -0.207479805 -2.802 -259.1 0.4057
1031174 2 2003 12 630 2 12 1 7 29.9 2296 37.67 0.001574223 -0.075678683 -0.20512682 1.021 -148.6 -2.367
1031175 2 2003 12 631 2 4 1 3 29.1 2666 39.24 0.017459839 -0.161490827 0.138371268 0.0028 219.3 -0.0135
1031176 2 2003 12 631 2 4 1 3 24.2 2256 40.06 0.020921069 -0.155686288 0.136606346 -4.904 -187.7 0.7853
1031177 2 2003 12 632 1 12 1 7 32.9 2450 34.87 -0.185569261 0.057389433 0.043100486 0.7828 20.82 -3.327
1031178 1 2003 13 633 1 12 1 6 33.6 2278 40.35 0.157152871 0.07524096 0.047325 -0.9641 -448.5 -0.6619
1031180 1 2003 13 634 2 4 1 1 29.4 2404 41.41 -0.192933424 0.109182666 0.007576196 -3.65 -213.1 -0.3732
1031183 2 2003 13 636 2 4 1 1 33.4 2214 38.42 0.154560649 0.143040265 -0.005431564 3.913 -83.52 -2.115
1031184 2 2003 13 636 2 4 1 4 27.4 2357 38.88 0.150708701 0.144655711 0.005528807 -2.063 61.47 -1.612
1031185 1 2003 13 637 2 12 1 6 31.1 2498 44.61 -0.076802969 -0.047931767 -0.193987607 -0.8314 -235.1 2.61
1031186 2 2003 13 637 2 12 1 6 33.9 2484 41.26 -0.098344093 -0.051839208 -0.193910509 5.079 53.87 1.346
1031187 2 2003 13 638 2 12 1 6 28.6 2416 38.89 -0.0005506 -0.148627408 -0.199144477 0.0255 -67.59 -1.1
1031188 1 2003 13 638 2 12 1 6 29.8 2516 39.58 0.00050369 -0.144167112 -0.197801501 -1.911 -270 -2.451
1031190 2 2003 13 639 2 12 1 7 24.4 2135 40.89 0.026167915 0.198785724 0.012296565 -3.953 -140.1 1.077
1031191 1 2003 13 640 2 4 1 3 29.4 2385 44.49 0.137009232 0.112722504 0.006202531 -3.178 -232.5 2.036
1031192 2 2003 13 640 2 4 1 3 26.6 2730 48.44 0.138482595 0.1199672 -0.001364455 -2.87 420.5 7.984
1031193 1 2003 13 641 2 3 1 4 23.8 2767 45.78 -0.181000076 0.015718315 0.059637508 -8.855 94.11 4.51
1031196 2 2003 13 643 1 12 1 6 31.2 2497 35.52 0.014382873 -0.21784099 0.169481819 0.2782 -69.86 -2.334
1031199 1 2003 13 645 2 12 1 4 29.6 2338 42.32 0.137976261 0.141196603 0.006054003 -1.674 -274.4 0.3066
1031200 1 2003 13 645 2 12 1 4 28.3 2790 43.11 0.142899128 0.143023404 0.004912944 -2.972 178.4 1.08
1031204 2 2003 14 648 1 12 1 7 25.1 2226 40.81 0.012853149 -0.191820534 0.130683574 -5.767 -330.9 2.708
1031205 2 2003 14 649 1 12 1 6 27.8 2762 38.71 0.020994458 -0.200145768 0.173448655 -2.922 204.8 0.75
1031207 2 2003 14 650 2 12 1 6 31.4 2528 35.62 -0.148778096 0.116120634 0.025366668 3.133 210.5 -3.762
1031208 1 2003 14 651 2 4 1 3 32.7 2868 45.07 0.054139964 -0.136626449 0.126507433 0.856 128 3.468
1031209 2 2003 14 651 2 4 1 3 26.4 2299 39.69 0.051608643 -0.151179583 0.139740671 -2.255 -142.6 0.1956
1031212 1 2003 15 653 2 12 2 6 33.9 3020 39.37 0.00993597 -0.220740031 0.04018485 2.454 225.5 -1.391
1031213 2 2003 15 653 2 12 2 6 22.1 2358 34.67 0.007205026 -0.219462567 0.019684305 -6.274 -132.9 -4.121
1031215 2 2003 15 654 2 3 2 1 35.2 2419 36.57 0.129406744 0.13590024 -0.018296014 5.231 115.4 -3.358
1031216 2 2003 15 655 2 12 2 6 27 2561 39.29 -0.190101704 0.012266912 0.067459284 -1.809 201.3 0.7285
1031217 2 2003 15 655 2 12 2 6 27.6 2396 41.19 -0.188117313 0.030620306 0.047922082 -1.285 44.3 2.532
1031219 1 2003 15 657 1 12 2 6 32.8 2725 40.04 -0.189436427 0.022818003 0.055957803 -2.709 -17.39 0.1908
1031220 1 2003 15 658 2 3 2 1 34.2 3164 37.94 0.011408119 -0.141763405 0.107147524 1.627 418.7 -2.964
1031221 1 2003 15 658 2 3 2 1 39 2823 36.97 0.007269203 -0.145867316 0.109635282 6.433 75.79 -3.911
1031222 2 2003 15 659 2 4 2 1 32.2 2244 39.08 -0.179802038 0.099648416 0.000566121 1.768 -64.9 -0.3389
1031226 1 2003 15 661 1 12 2 7 30.2 2592 42.77 0.071629631 -0.108688749 0.133287717 -4.544 -215.5 2.85
1031229 2 2003 15 663 2 12 2 6 26.2 2601 35.85 0.020976172 -0.207945496 0.161691649 -1.758 130.3 -2.498
1031231 2 2003 16 664 1 3 2 3 40.7 3280 42.14 0.133635264 0.108522772 0.000581407 7.508 880.9 3.03
1031232 2 2003 16 665 1 3 2 3 30.1 2304 39.03 0.137658313 0.09215434 0.000171979 -3.067 -104 -0.0658
1031233 1 2003 16 666 2 3 2 3 35.7 2979 39.89 -0.002449487 -0.171911271 0.122745994 3.389 218.9 -0.9707
1031234 2 2003 16 666 2 3 2 3 30.6 2390 37.23 -0.000646006 -0.162372451 0.127157861 1.43 -59.64 -1.596
1031235 1 2003 16 667 2 4 2 1 25.2 1952 45.51 -0.014840955 -0.064406633 -0.209272209 -8.332 -772.6 3.157
1031240 1 2003 16 670 1 12 2 7 38.1 3066 41.37 0.06131544 -0.101845594 0.121845486 3.5 260.9 1.341
1031243 1 2003 16 672 2 3 2 4 33.4 2816 42.22 -0.186532148 0.091350684 -0.000115767 0.1426 187.1 0.9324
1031246 1 2003 16 674 2 3 2 3 34.7 2569 38.72 0.052759976 -0.131550802 0.123214533 2.421 -169.6 -2.307
1031247 2 2003 16 674 2 3 2 3 29.5 2124 37.46 0.068284814 -0.125323267 0.133464005 0.4027 -305.5 -1.535
1031248 1 2003 16 675 1 12 2 7 37.8 3170 39.97 0.012574705 -0.165791559 0.144185281 3.273 332.9 0.2056
1031251 2 2003 16 677 2 3 2 3 29.6 2905 37.2 0.080759848 -0.119391082 0.135924646 0.5206 478.9 -1.82
1031252 2 2003 16 677 2 3 2 3 28.7 2358 41.59 0.067491638 -0.106086982 0.132440013 -0.4251 -61.16 2.565
1031254 1 2003 16 678 2 3 2 3 34.7 2512 40.25 -0.122515195 0.128691637 0.013872978 1.53 -95.72 -1.171
1031257 1 2003 16 680 2 12 2 6 31.9 2714 42.83 0.009539108 -0.212353814 0.015038984 0.571 -78.65 1.891
1031261 2 2003 18 682 2 3 2 3 27.9 2376 44.53 0.177593803 0.116801401 0.014202382 -1.279 64.39 4.4
1031267 1 2003 18 686 1 4 2 3 36.3 3002 38.96 0.016700829 -0.094567615 -0.189924197 -0.2099 180 -2.705
1031275 2 2003 19 691 2 12 2 6 22.4 2333 32.91 0.005382035 -0.216941012 0.158114515 -4.777 -143.6 -5.731
1031280 2 2003 20 694 2 12 2 6 24.3 2290 43.78 0.02324727 -0.194992947 0.163562546 -2.662 -174.5 5.009
1031290 1 2003 22 700 1 12 2 7 34.8 3150 44.21 0.028916237 -0.148386706 0.129316149 1.437 319.5 3.85
1031292 2 2003 22 701 2 12 2 4 27.3 2529 49.95 0.067354428 -0.122525768 0.138836575 0.6434 100.5 10.74
1031295 2 2003 24 703 1 12 2 6 24.5 2480 38.72 0.057933679 -0.141142232 0.132624433 -5.282 -41.96 0.1764
1031296 1 2003 25 704 1 4 2 1 29.6 2534 40.79 0.01901328 -0.160592478 0.085659063 -4.625 -297.7 -0.41
